99
2525 1
2400 5
300 2
120 60
60 90
53861272 1
48665068 1834
161727046 1
26436631 2240
279527002 1
32985175 4588
707709861 1
446921566 4867
965944469 1
840098327 4046
104432048 2
42710939 8778
99903879 3117
530288111 1
478205148 7371
272154595 1
156546480 2583
1000000000 2
999999996 3
999999997 2
251768777 1
186692537 5212
569354978 1
159935819 7071
74475394 1
23114088 1343
217207750 1
58453960 9996
834572579 1
469733698 1891
146685021 1
73708493 1214
748059502 1
151598048 1899
260383935 1
258531751 5844
2 1
1 1
471412043 1
174179073 1448
304154174 1
61284920 9199
165899837 1
20572127 9035
885772775 1
513277637 5790
150938719 1
46967001 198
236069559 1
25143708 7958
180297357 1
161636568 7451
1000000000 2
998000000 1
999000000 1
536178267 1
374796130 6053
1000000000 1
1 1
5955940 1
272251 9011
319458445 1
258496200 4548
656565060 1
650457925 3842
794124169 1
210543620 8099
344763190 1
69662646 3937
995872325 1
242294737 2875
963684562 1
806263950 901
1000000000 2
200 10000
100 10000
14567571 1
7293543 9907
59593116 1
47901454 6237
705249750 1
584466034 838
277600836 1
177016092 7832
1000000000 2
12345675 3
12345676 2
96936812 1
21364735 6934
564817457 1
501213528 5596
103096611 1
36809241 6612
941043160 1
265190608 1412
405852990 1
41347975 6663
1000000000 1
1 10000
935172576 1
744769625 1732
418756389 1
13745045 6749
677983726 1
643550213 2445
546954110 1
384965997 9826
1000000000 2
999999998 3
999999999 2
2 1
1 10000
912866244 1
247082034 3145
427340901 1
103577368 5851
156475997 1
154932138 4826
132227897 1
56043791 7526
793774161 1
705627673 6454
7791422 1
5504755 7137
105751726 1
62207151 570
93479703 1
89672409 9500
440266029 1
371824451 9030
1000000000 2
999999998 2
999999997 3
689487032 1
357128050 2434
960231296 1
263824584 1107
644120087 1
62294785 2888
39146118 1
31557087 2983
21727356 1
3732706 7176
729595033 1
451905377 4590
903191362 1
215785181 2726
262339699 1
201196742 7852
412175490 2
309835809 3596
129230442 1690
399984361 1
370023885 9259
715166475 1
206323279 1135
1000000000 2
1 3
2 2
200000 2
5000 7
5001 1
1000000000 1
999999999 1
971911988 1
672567792 3748
686904750 1
675095983 9143
495137672 1
414236674 2980
827623126 1
262528395 8766
177114668 1
122324300 985
108984262 1
99755335 5843
611477586 1
205434847 9840
399636171 1
301439394 9983
881246436 1
728822307 2369
899399157 1
680167559 4683
688197775 1
360647002 6515
493875979 1
295309627 540
22858462 1
6215025 3416
304545340 1
186856069 9554
754905611 1
298593738 8059
795381992 1
94913476 6436
205961059 1
113636477 1200
957012411 1
396555828 7063
1000000000 2
999000000 10000
998000000 10000
1000000000 1
999999999 10000
